12 12
13 12
14 12
15 12
16 12
17 12
18 12
19 12
20 12
21 12
22 12
23 12
24 12
25 12
26 12
27 12
28 12
29 12
30 12
31 12
32 12
33 12
34 12
35 12
36 12
37 12
38 12
39 12
40 12
41 12
42 12
43 12
44 12
45 12
46 12
47 12
48 12
49 12
50 12
51 12
52 12
53 12
54 12
55 12
56 12
57 12
58 12
59 12
60 12
61 12
62 12
63 12
64 12
65 12
66 12
67 12
68 12
69 12
70 12
71 12
72 12
73 12
74 12
75 12
76 12
77 12
78 12
79 12
80 12
81 12
82 12
83 12
84 12
85 12
86 12
87 12
88 12
89 12
90 12
91 13
92 14
93 15
94 16
95 17
96 18
97 19
98 20
99 21
100 22
101 23
102 24
103 25
104 26
105 27
106 28
107 29
108 30
109 31
110 32
111 33
112 34
113 35
114 36
115 37
116 38
117 39
118 40
119 41
120 42
121 43
122 44
123 45
124 46
125 47
126 47
127 47
128 47
129 47
130 47
131 47
132 47
133 47
134 47
135 47
136 47
137 47
138 47
139 47
140 47
141 47
142 47
143 47
144 47
145 47
146 47
147 47
148 47
149 48
150 49
151 50
151 51
151 52
151 53
151 54
151 55
151 56
151 57
151 58
151 59
151 60
150 61
149 61
148 61
147 61
146 61
145 61
144 61
143 61
142 61
141 61
140 61
139 61
138 61
137 61
136 61
135 61
134 61
133 61
132 61
131 61
130 61
129 61
128 61
127 61
126 61
125 61
124 61
123 61
122 61
121 61
120 61
119 61
118 61
117 62
116 63
115 64
114 65
113 66
112 67
111 68
110 69
109 70
108 71
107 72
106 73
105 74
104 75
103 76
102 77
101 78
100 79
99 80
98 81
97 82
96 83
95 84
94 85
93 86
92 87
91 88
90 89
89 90
88 91
87 92
86 93
85 94
84 95
83 96
82 97
81 98
80 99
79 100
78 101
77 102
76 103
75 104
74 105
73 106
72 107
71 108
70 109
69 110
69 111
69 112
69 113
69 114
69 115
69 116
69 117
69 118
69 119
69 120
69 121
69 122
69 123
69 124
69 125
69 126
69 127
69 128
69 129
69 130
69 131
69 132
69 133
69 134
69 135
69 136
69 137
69 138
69 139
69 140
69 141
69 142
69 143
69 144
69 145
69 146
69 147
69 148
69 149
69 150
69 151
69 152
69 153
69 154
69 155
69 156
69 157
69 158
69 159
69 160
69 161
69 162
69 163
69 164
69 165
69 166
69 167
69 168
69 169
69 170
69 171
69 172
69 173
69 174
69 175
69 176
69 177
69 178
69 179
69 180
69 181
69 182
69 183
69 184
69 185
69 186
69 187
69 188
69 189
69 190
70 191
71 192
72 193
73 194
74 195
75 196
76 197
77 198
78 199
79 200
80 201
81 202
82 203
83 204
84 205
85 206
86 207
87 208
88 209
89 210
90 211
91 212
92 213
93 214
94 215
95 216
96 217
97 218
98 219
99 220
100 221
101 221
102 221
103 221
104 221
105 221
106 221
107 221
108 221
109 221
110 221
111 221
112 221
113 221
114 221
115 221
116 221
117 221
118 221
119 221
120 221
121 221
122 221
123 221
124 221
125 221
126 221
127 221
128 221
129 221
130 221
131 220
131 219
131 218
131 217
131 216
131 215
131 214
131 213
131 212
131 211
131 210
131 209
131 208
131 207
131 206
131 205
131 204
131 203
131 202
131 201
131 200
131 199
131 198
131 197
131 196
131 195
131 194
131 193
131 192
131 191
131 190
131 189
131 188
131 187
131 186
131 185
131 184
131 183
131 182
131 181
131 180
131 179
131 178
132 177
133 176
134 175
135 174
136 173
137 172
138 171
139 170
140 169
141 168
142 167
143 166
144 165
145 164
146 163
147 162
148 161
149 160
150 159
151 158
152 157
153 156
154 155
155 154
156 153
157 152
158 151
159 150
160 149
161 149
162 149
163 149
164 149
165 149
166 149
167 149
168 149
169 149
170 149
171 149
172 149
173 149
174 149
175 149
176 149
177 149
178 149
179 149
180 149
181 150
181 151
181 152
181 153
181 154
181 155
181 156
181 157
181 158
181 159
181 160
181 161
181 162
181 163
181 164
181 165
181 166
181 167
181 168
181 169
181 170
181 171
181 172
181 173
181 174
181 175
181 176
181 177
181 178
181 179
181 180
181 181
182 182
183 183
184 184
185 185
186 186
187 187
188 188
189 189
190 190
191 191
192 192
193 193
194 194
195 195
196 196
197 197
198 198
199 199
200 200
201 201
202 202
203 203
204 204
205 205
206 206
207 207
208 208
209 209
210 210
211 211
212 212
213 213
214 214
215 215
216 216
217 217
218 218
219 219
220 220
221 221
222 222
223 223
224 224
225 225
226 226
227 227
228 228
229 229
230 230
231 231
232 232
233 233
234 234
235 235
236 236
237 237
