468 81
658 526
358 897
511 855
502 23
155 316
534 583
316 531
530 904
404 940
318 70
596 213
969 303
683 588
25 492
987 240
978 831
198 50
601 142
742 278
344 71
151 648
140 783
144 195
481 147
226 166
382 930
149 280
512 971
497 105
660 583
857 244
610 635
459 968
697 550
922 898
862 332
856 297
737 757
362 278
392 280
716 713
713 271
222 493
626 195
121 67
69 838
170 268
393 429
751 478
799 60
737 285
116 217
746 128
180 976
680 822
448 451
576 918
137 837
637 96
23 452
504 747
465 618
407 406
620 387
192 695
535 355
401 772
612 390
524 847
731 52
402 707
876 897
922 501
495 67
743 427
493 374
376 13
229 988
210 100
182 781
990 190
152 544
438 770
194 484
575 100
496 543
857 765
415 153
178 670
829 136
269 375
794 106
863 22
216 750
65 254
955 864
218 631
548 944
827 35