12 12
13 13
14 13
15 14
16 15
17 15
18 15
19 15
20 15
21 15
22 15
23 15
24 15
25 15
26 15
27 15
28 15
29 15
30 15
31 15
32 15
33 15
34 15
35 15
36 15
37 15
38 15
39 15
40 15
41 15
42 15
43 16
44 17
45 18
46 19
47 20
48 21
49 22
50 23
51 24
52 25
53 26
54 27
55 28
56 29
57 30
58 31
59 32
60 33
61 34
62 35
63 36
64 37
65 38
66 38
67 39
68 40
69 41
70 42
71 43
72 44
73 45
74 46
75 47
76 48
77 49
78 49
79 49
80 49
81 49
82 49
83 49
84 49
85 49
86 49
87 49
88 49
89 49
90 49
91 49
92 49
93 49
94 49
95 49
96 49
97 49
98 49
99 49
100 49
101 49
102 49
103 49
104 49
105 49
106 49
107 49
108 49
109 49
110 49
111 49
112 49
113 49
114 49
115 49
116 49
117 49
118 49
119 49
120 49
121 49
122 49
123 49
124 49
125 49
126 49
127 49
128 49
129 49
130 49
131 49
132 49
133 49
134 49
135 49
136 49
137 49
138 49
139 49
140 49
141 49
142 49
143 49
144 49
145 49
146 49
147 49
148 49
149 49
150 49
151 50
151 51
151 52
151 53
151 54
151 55
151 56
151 57
151 58
151 59
151 60
150 61
149 62
148 63
147 64
146 65
145 66
144 67
143 68
142 69
141 70
140 71
139 72
138 73
137 74
136 75
135 76
134 77
133 78
132 79
131 80
130 81
129 82
128 83
127 84
126 85
125 86
124 87
123 88
122 89
121 90
120 91
119 92
118 93
117 94
116 95
115 96
114 97
113 98
112 99
111 100
110 101
109 102
108 103
107 104
106 105
105 106
104 107
103 108
102 109
101 109
100 109
99 109
98 109
97 109
96 109
95 109
94 109
93 109
92 109
91 109
90 109
89 109
88 109
87 109
86 109
85 109
84 109
83 109
82 109
81 109
80 109
79 109
78 109
77 109
76 109
75 109
74 109
73 109
72 109
71 109
70 109
69 110
69 111
69 112
69 113
69 114
69 115
69 116
69 117
69 118
69 119
69 120
69 121
69 122
69 123
69 124
69 125
70 126
71 127
72 128
73 129
74 130
75 131
76 132
77 133
78 134
79 135
80 136
81 137
82 138
83 139
84 140
85 141
86 142
87 143
88 144
89 145
90 146
91 147
92 148
93 149
94 150
95 151
96 152
97 153
98 154
99 155
99 156
99 157
99 158
99 159
99 160
99 161
99 162
99 163
99 164
99 165
99 166
99 167
99 168
99 169
99 170
99 171
99 172
99 173
99 174
99 175
99 176
99 177
99 178
99 179
99 180
99 181
99 182
99 183
99 184
99 185
99 186
99 187
99 188
99 189
99 190
99 191
99 192
99 193
99 194
99 195
99 196
99 197
99 198
99 199
99 200
99 201
99 202
99 203
99 204
99 205
99 206
99 207
99 208
99 209
99 210
99 211
99 212
99 213
99 214
99 215
99 216
99 217
99 218
99 219
99 220
100 221
101 221
102 221
103 221
104 221
105 221
106 221
107 221
108 221
109 221
110 221
111 221
112 221
113 221
114 221
115 221
116 221
117 221
118 221
119 221
120 221
121 221
122 221
123 221
124 221
125 221
126 221
127 221
128 221
129 221
130 221
131 220
132 219
133 218
134 217
135 216
136 215
137 214
138 213
139 212
140 211
141 210
142 209
143 208
144 207
145 206
146 205
147 204
148 203
149 202
150 201
151 200
152 199
153 198
154 197
155 196
156 195
157 194
158 193
159 192
159 191
159 190
159 189
159 188
159 187
159 186
159 185
159 184
159 183
159 182
159 181
159 180
159 179
159 178
159 177
159 176
159 175
159 174
159 173
159 172
159 171
159 170
159 169
159 168
159 167
159 166
159 165
159 164
159 163
159 162
159 161
159 160
159 159
159 158
159 157
159 156
159 155
159 154
159 153
159 152
159 151
159 150
160 149
161 149
162 149
163 149
164 149
165 149
166 149
167 149
168 149
169 149
170 149
171 149
172 149
173 149
174 149
175 149
176 149
177 149
178 149
179 149
180 149
181 150
182 151
183 152
184 153
185 154
186 155
187 156
188 157
189 158
190 159
191 160
192 161
193 162
194 163
195 164
196 165
197 166
198 167
199 168
200 169
201 170
202 171
203 172
204 173
205 174
206 175
207 176
208 177
209 178
210 179
211 180
212 181
212 182
212 183
213 184
213 185
214 186
214 187
215 188
215 189
216 190
216 191
217 192
217 193
217 194
218 195
218 196
219 197
219 198
220 199
220 200
221 201
221 202
222 203
222 204
222 205
223 206
223 207
224 208
224 209
225 210
225 211
226 212
226 213
227 214
227 215
227 216
228 217
228 218
229 219
229 220
230 221
230 222
231 223
231 224
232 225
232 226
232 227
233 228
233 229
234 230
234 231
235 232
235 233
236 234
236 235
236 236
237 237
