492 916
491 915
490 914
489 913
488 912
487 911
486 910
485 909
484 908
483 907
482 906
481 905
480 904
479 903
478 902
477 901
476 900
475 899
474 898
473 897
472 896
471 895
470 894
469 893
468 892
467 891
466 890
465 889
464 888
463 887
462 886
461 885
460 884
459 883
458 882
457 881
456 880
455 879
454 878
453 877
452 876
451 875
450 874
449 873
448 872
447 871
446 870
445 869
444 868
443 867
442 866
441 865
440 864
439 863
438 862
437 861
436 860
435 859
434 858
433 857
432 856
431 855
430 854
429 853
428 852
427 851
426 850
425 849
424 848
423 847
422 846
421 845
420 844
419 843
418 842
417 841
416 840
415 839
414 838
413 837
412 836
411 835
410 834
409 833
408 832
407 831
406 830
405 829
404 828
403 827
402 826
401 825
400 824
399 823
398 822
397 821
396 820
395 819
394 818
393 817
392 816
391 815
390 814
389 813
388 812
387 811
386 810
385 809
384 808
383 807
382 806
381 805
380 804
379 803
378 802
377 801
376 800
375 799
374 798
373 797
372 796
371 795
370 794
369 793
368 792
367 791
366 790
365 789
364 788
363 787
362 786
361 785
360 784
359 783
358 782
357 781
356 780
355 779
354 778
353 777
352 776
351 775
350 774
349 773
348 772
347 771
346 770
345 769
344 768
343 767
342 766
341 765
340 764
339 763
338 762
337 761
336 760
335 759
334 758
333 757
332 756
331 755
330 754
329 753
328 752
327 751
326 751
325 751
324 751
323 751
322 751
321 751
320 751
319 751
318 751
317 751
316 751
315 751
314 751
313 751
312 751
311 751
310 751
309 751
308 751
307 751
306 751
305 751
304 751
303 751
302 751
301 751
300 751
299 751
298 751
297 751
296 751
295 751
294 751
293 751
292 751
291 751
290 751
289 751
288 751
287 751
286 751
285 751
284 751
283 751
282 751
281 751
280 751
279 751
278 751
277 751
276 751
275 751
274 751
273 751
272 751
271 751
270 751
269 751
268 751
267 751
266 751
265 751
264 751
263 751
262 751
261 751
260 751
259 751
258 751
257 751
256 751
255 751
254 751
253 751
252 751
251 751
250 751
249 751
248 751
247 751
246 751
245 751
244 751
243 751
242 751
241 751
240 751
239 751
238 751
237 751
236 751
235 751
234 751
233 751
232 751
231 751
230 751
229 751
228 751
227 751
226 751
225 751
224 751
223 751
222 751
221 751
220 751
219 751
218 751
217 751
216 751
215 751
214 751
213 751
212 751
211 751
210 751
209 751
208 751
207 751
206 751
205 751
204 751
203 751
202 751
201 751
200 751
199 750
199 749
199 748
199 747
199 746
199 745
199 744
199 743
199 742
199 741
199 740
199 739
199 738
199 737
199 736
199 735
199 734
199 733
199 732
199 731
199 730
199 729
199 728
199 727
199 726
199 725
199 724
199 723
199 722
199 721
199 720
199 719
199 718
199 717
199 716
199 715
199 714
199 713
199 712
199 711
199 710
199 709
199 708
199 707
199 706
199 705
199 704
199 703
199 702
199 701
199 700
200 699
201 698
202 697
203 696
204 695
205 694
206 693
207 692
208 691
209 690
210 689
211 688
212 687
213 686
214 685
215 684
216 683
217 682
218 681
219 680
220 679
221 678
222 677
223 676
224 675
225 674
226 673
227 672
228 671
229 670
230 669
231 668
232 667
233 666
234 665
235 664
236 663
237 662
238 661
239 660
240 659
241 658
242 657
243 656
244 655
245 654
246 653
247 652
248 652
249 652
250 652
251 652
252 652
253 652
254 652
255 652
256 652
257 652
258 652
259 652
260 652
261 652
262 652
263 652
264 652
265 652
266 652
267 652
268 652
269 652
270 652
271 652
272 652
273 652
274 652
275 652
276 652
277 652
278 652
279 651
280 651
281 651
282 651
283 651
284 651
285 651
286 651
287 651
288 651
289 651
290 651
291 651
292 651
293 651
294 651
295 651
296 651
297 651
298 651
299 651
300 651
301 651
302 651
303 651
304 651
305 651
306 651
307 651
308 651
309 651
310 651
311 651
312 651
313 651
314 651
315 651
316 651
317 651
318 651
319 651
320 651
321 651
322 651
323 651
324 651
325 651
326 651
327 651
328 651
329 651
330 651
331 651
332 651
333 651
334 651
335 651
336 651
337 651
338 651
339 651
340 651
341 651
342 651
343 651
344 651
345 651
346 651
347 651
348 651
349 651
350 651
351 651
352 651
353 651
354 651
355 651
356 651
357 651
358 651
359 651
360 651
361 651
362 651
363 651
364 651
365 651
366 651
367 651
368 651
369 651
370 651
371 651
372 651
373 651
374 651
375 651
376 651
377 651
378 651
379 651
380 651
381 651
382 651
383 651
384 651
385 651
386 651
387 651
388 651
389 651
390 651
391 651
392 651
393 651
394 651
395 651
396 651
397 651
398 651
399 651
400 651
401 650
401 649
401 648
401 647
401 646
401 645
401 644
401 643
401 642
401 641
401 640
401 639
401 638
401 637
401 636
401 635
401 634
401 633
401 632
401 631
401 630
401 629
401 628
401 627
401 626
401 625
401 624
401 623
401 622
401 621
401 620
401 619
401 618
401 617
401 616
401 615
401 614
401 613
401 612
401 611
401 610
401 609
401 608
401 607
401 606
401 605
401 604
401 603
401 602
401 601
401 600
401 599
401 598
401 597
401 596
401 595
401 594
401 593
401 592
401 591
401 590
401 589
401 588
401 587
401 586
401 585
401 584
401 583
401 582
401 581
401 580
401 579
401 578
401 577
401 576
401 575
401 574
401 573
401 572
401 571
401 570
401 569
401 568
401 567
401 566
401 565
401 564
401 563
401 562
401 561
401 560
401 559
401 558
401 557
402 556
403 555
404 554
405 553
406 552
407 551
408 550
409 549
410 548
411 547
412 546
413 545
414 544
415 543
416 542
417 541
418 540
419 539
420 538
421 537
422 536
423 535
424 534
425 533
426 532
427 531
428 530
429 529
430 528
431 527
432 526
433 525
434 524
435 523
436 522
437 521
438 520
439 519
440 518
441 517
442 516
443 515
444 514
445 513
446 512
447 511
448 510
449 509
450 508
451 507
452 506
453 505
454 504
455 503
456 502
457 501
457 500
457 499
457 498
457 497
457 496
457 495
457 494
457 493
457 492
457 491
457 490
457 489
457 488
457 487
457 486
457 485
457 484
457 483
457 482
457 481
457 480
457 479
457 478
457 477
457 476
457 475
457 474
457 473
457 472
457 471
457 470
457 469
457 468
457 467
457 466
457 465
457 464
457 463
457 462
457 461
457 460
457 459
457 458
457 457
457 456
457 455
457 454
457 453
457 452
457 451
457 450
457 449
457 448
457 447
457 446
457 445
457 444
457 443
457 442
457 441
457 440
457 439
457 438
457 437
457 436
457 435
457 434
457 433
457 432
457 431
457 430
457 429
457 428
457 427
457 426
457 425
457 424
457 423
457 422
457 421
457 420
457 419
457 418
457 417
457 416
457 415
457 414
457 413
457 412
457 411
457 410
457 409
457 408
457 407
457 406
457 405
457 404
457 403
457 402
457 401
457 400
457 399
458 398
459 397
460 396
461 395
462 394
463 393
464 392
465 391
466 390
467 389
468 388
469 387
470 386
471 385
472 384
473 383
474 382
475 381
476 380
477 379
478 378
479 377
480 376
481 375
482 374
483 373
484 372
485 371
486 370
487 369
488 368
489 367
490 366
491 365
492 364
493 363
494 362
495 361
496 360
497 359
498 358
499 357
500 356
501 355
502 354
503 353
504 352
505 351
506 350
507 349
508 348
509 347
510 346
511 345
512 344
513 343
514 342
515 341
516 340
517 339
518 338
519 337
520 336
521 335
522 334
523 333
524 332
525 331
526 330
527 329
528 328
529 327
530 326
531 325
532 324
533 323
534 322
535 321
536 320
537 319
538 318
539 317
540 316
541 315
542 314
543 313
544 312
545 311
546 310
547 309
548 308
549 307
550 306
551 305
552 304
553 303
554 302
555 301
556 300
557 299
558 298
559 297
559 296
560 295
561 294
562 293
562 292
563 291
564 290
564 289
565 288
566 287
566 286
567 285
567 284
568 283
568 282
569 281
569 280
570 279
570 278
570 277
571 276
571 275
572 274
572 273
572 272
573 271
573 270
573 269
574 268
575 267
576 266
577 265
578 264
579 263
580 262
581 261
582 260
583 259
584 258
585 257
586 256
587 255
588 254
589 253
590 252
591 251
592 250
593 249
594 248
595 247
596 246
597 245
598 244
599 243
600 242
601 241
602 240
603 239
604 238
605 237
606 236
607 235
608 234
609 233
610 232
611 231
612 230
613 229
614 228
615 227
616 226
617 225
618 224
619 223
620 222
621 221
622 220
623 219
624 218
625 217
626 216
627 215
628 214
629 213
630 212
631 211
632 210
633 209
634 208
635 207
636 206
637 205
638 204
639 203
640 202
641 201
642 200
643 199
644 198
645 197
646 196
647 195
648 194
649 193
650 192
651 191
652 190
653 189
654 188
655 187
656 186
657 185
658 184
659 183
660 182
661 181
662 180
663 179
664 178
665 177
666 176
667 175
668 174
669 174
670 174
671 174
672 174
673 174
674 174
675 174
676 174
677 174
678 174
679 174
680 174
681 174
682 174
683 174
684 174
685 174
686 174
687 174
688 174
689 174
690 174
691 174
692 174
693 174
694 174
695 174
696 174
697 174
698 174
699 174
700 174
701 174
702 174
703 174
704 174
705 174
706 174
707 174
708 174
709 174
710 174
711 174
712 174
713 174
714 174
715 174
716 174
717 174
718 174
719 174
720 174
721 174
722 174
723 174
724 174
725 174
726 174
727 173
728 172
729 171
730 170
731 169
732 168
733 167
734 166
735 165
736 164
737 163
738 162
739 161
740 160
741 159
742 158
743 157
744 156
745 155
746 154
747 153
748 152
749 151
750 150
751 149
752 148
753 147
754 146
755 145
756 144
757 143
758 142
759 141
760 140
761 139
762 138
763 137
764 136
765 135
766 134
767 133
768 132
769 131
770 130
771 129
772 128
773 127
774 126
775 125
776 124
777 123
778 122
779 121
780 120
781 119
782 118
783 117
784 116
785 115
786 114
787 113
788 112
789 111
790 110
791 109
792 108
793 107
794 106
795 105
796 104
797 103
798 102
799 101
800 100
800 99
799 98
798 98
797 98
796 98
795 98
794 98
793 98
792 98
791 98
790 98
789 98
788 98
787 98
786 98
785 98
784 98
783 98
782 98
781 98
780 98
779 98
778 98
777 98
776 98
775 98
774 98
773 98
772 98
771 98
770 98
769 98
768 98
767 98
766 98
765 98
764 98
763 98
762 98
761 98
760 98
759 98
758 98
757 98
756 98
755 98
754 98
753 98
752 98
751 98
750 98
749 98
748 98
747 98
746 98
745 98
744 98
743 98
742 98
741 98
740 98
739 98
738 98
737 98
736 98
735 98
734 98
733 98
732 98
731 98
730 98
729 98
728 98
727 98
726 98
725 98
724 98
723 98
722 98
721 98
720 98
719 98
718 98
717 98
716 98
715 98
714 98
713 98
712 98
711 98
710 98
709 98
708 98
707 98
706 98
705 98
704 98
703 98
702 98
701 98
700 98
699 98
698 98
697 98
696 98
695 98
694 98
693 98
692 98
691 98
690 98
689 98
688 98
687 98
686 98
685 98
684 98
683 98
682 98
681 98
680 98
679 98
678 98
677 98
676 98
675 98
674 98
673 98
672 98
671 98
670 98
669 98
668 98
667 98
666 98
665 98
664 98
663 98
662 98
661 98
660 98
659 98
658 98
657 98
656 98
655 98
654 98
653 98
652 98
651 98
650 98
649 98
648 98
647 98
646 98
645 98
644 98
643 98
642 98
641 98
640 98
639 98
638 98
637 98
636 98
635 98
634 98
633 98
632 98
631 98
630 98
629 98
628 98
627 98
626 98
625 98
624 98
623 98
622 98
621 98
620 98
619 98
618 98
617 98
616 98
615 98
614 98
613 98
612 98
611 98
610 98
609 98
608 98
607 98
606 98
605 98
604 98
603 98
602 98
601 98
600 98
599 98
598 98
597 98
596 98
595 98
594 98
593 98
592 98
591 98
590 98
589 98
588 98
587 98
586 98
585 98
584 98
583 98
582 98
581 98
580 98
579 98
578 98
577 98
576 98
575 98
574 98
573 98
572 98
571 98
570 98
569 98
568 98
567 98
566 98
565 98
564 98
563 98
562 98
561 98
560 98
559 98
558 98
557 98
556 98
555 98
554 98
553 98
552 98
551 98
550 98
549 98
548 98
547 98
546 98
545 98
544 98
543 98
542 98
541 98
540 98
539 98
538 98
537 98
536 98
535 98
534 98
533 98
532 98
531 98
530 98
529 98
528 98
527 98
526 98
525 98
524 98
523 97
522 97
521 96
520 96
519 95
518 95
517 94
516 94
515 93
514 93
513 93
512 92
511 92
510 91
509 91
508 90
507 90
506 89
505 89
504 88
503 88
502 88
501 87
500 87
499 86
498 86
497 85
496 85
495 84
494 84
493 83
492 83
